xof 0303txt 0032
template Frame {
 <3d82ab46-62da-11cf-ab39-0020af71e433>
 [...]
}

template Matrix4x4 {
 <f6f23f45-7686-11cf-8f52-0040333594a3>
 array FLOAT matrix[16];
}

template FrameTransformMatrix {
 <f6f23f41-7686-11cf-8f52-0040333594a3>
 Matrix4x4 frameMatrix;
}

template ObjectMatrixComment {
 <95a48e28-7ef4-4419-a16a-ba9dbdf0d2bc>
 Matrix4x4 objectMatrix;
}

template Vector {
 <3d82ab5e-62da-11cf-ab39-0020af71e433>
 FLOAT x;
 FLOAT y;
 FLOAT z;
}

template MeshFace {
 <3d82ab5f-62da-11cf-ab39-0020af71e433>
 DWORD nFaceVertexIndices;
 array DWORD faceVertexIndices[nFaceVertexIndices];
}

template Mesh {
 <3d82ab44-62da-11cf-ab39-0020af71e433>
 DWORD nVertices;
 array Vector vertices[nVertices];
 DWORD nFaces;
 array MeshFace faces[nFaces];
 [...]
}

template MeshNormals {
 <f6f23f43-7686-11cf-8f52-0040333594a3>
 DWORD nNormals;
 array Vector normals[nNormals];
 DWORD nFaceNormals;
 array MeshFace faceNormals[nFaceNormals];
}

template Coords2d {
 <f6f23f44-7686-11cf-8f52-0040333594a3>
 FLOAT u;
 FLOAT v;
}

template MeshTextureCoords {
 <f6f23f40-7686-11cf-8f52-0040333594a3>
 DWORD nTextureCoords;
 array Coords2d textureCoords[nTextureCoords];
}

template ColorRGBA {
 <35ff44e0-6c7c-11cf-8f52-0040333594a3>
 FLOAT red;
 FLOAT green;
 FLOAT blue;
 FLOAT alpha;
}

template ColorRGB {
 <d3e16e81-7835-11cf-8f52-0040333594a3>
 FLOAT red;
 FLOAT green;
 FLOAT blue;
}

template Material {
 <3d82ab4d-62da-11cf-ab39-0020af71e433>
 ColorRGBA faceColor;
 FLOAT power;
 ColorRGB specularColor;
 ColorRGB emissiveColor;
 [...]
}

template MeshMaterialList {
 <f6f23f42-7686-11cf-8f52-0040333594a3>
 DWORD nMaterials;
 DWORD nFaceIndexes;
 array DWORD faceIndexes[nFaceIndexes];
 [Material <3d82ab4d-62da-11cf-ab39-0020af71e433>]
}

template TextureFilename {
 <a42790e1-7810-11cf-8f52-0040333594a3>
 STRING filename;
}

template XSkinMeshHeader {
 <3cf169ce-ff7c-44ab-93c0-f78f62d172e2>
 WORD nMaxSkinWeightsPerVertex;
 WORD nMaxSkinWeightsPerFace;
 WORD nBones;
}

template SkinWeights {
 <6f0d123b-bad2-4167-a0d0-80224f25fabb>
 STRING transformNodeName;
 DWORD nWeights;
 array DWORD vertexIndices[nWeights];
 array FLOAT weights[nWeights];
 Matrix4x4 matrixOffset;
}

template AnimTicksPerSecond {
 <9e415a43-7ba6-4a73-8743-b73d47e88476>
 DWORD AnimTicksPerSecond;
}

template Animation {
 <3d82ab4f-62da-11cf-ab39-0020af71e433>
 [...]
}

template AnimationSet {
 <3d82ab50-62da-11cf-ab39-0020af71e433>
 [Animation <3d82ab4f-62da-11cf-ab39-0020af71e433>]
}

template FloatKeys {
 <10dd46a9-775b-11cf-8f52-0040333594a3>
 DWORD nValues;
 array FLOAT values[nValues];
}

template TimedFloatKeys {
 <f406b180-7b3b-11cf-8f52-0040333594a3>
 DWORD time;
 FloatKeys tfkeys;
}

template AnimationKey {
 <10dd46a8-775b-11cf-8f52-0040333594a3>
 DWORD keyType;
 DWORD nKeys;
 array TimedFloatKeys keys[nKeys];
}


Frame group1 {
 

 FrameTransformMatrix relative {
  0.393701,0.000000,0.000000,0.000000,0.000000,0.385097,-0.081855,0.000000,0.000000,0.081855,0.385097,0.000000,0.016440,0.000000,0.000000,1.000000;;
 }

 ObjectMatrixComment object {
  1.000000,0.000000,0.000000,0.000000,0.000000,1.000000,-0.000000,0.000000,0.000000,0.000000,1.000000,0.000000,0.000000,0.000000,0.000000,1.000000;;
 }

 Frame Character1_Reference {
  

  FrameTransformMatrix relative {
   1.000000,0.000000,0.000000,0.000000,0.000000,1.000000,-0.000000,0.000000,0.000000,0.000000,1.000000,0.000000,0.000000,-0.000000,-0.000000,1.000000;;
  }

  ObjectMatrixComment object {
   1.000000,0.000000,0.000000,0.000000,0.000000,1.000000,-0.000000,0.000000,0.000000,0.000000,1.000000,0.000000,0.000000,-0.000000,-0.000000,1.000000;;
  }

  Frame Character1_Hips {
   

   FrameTransformMatrix relative {
    1.000000,0.000000,0.000000,0.000000,0.000000,0.000000,-1.000000,0.000000,0.000000,1.000000,0.000000,0.000000,0.000063,2.090168,0.245602,1.000000;;
   }

   ObjectMatrixComment object {
    1.000000,0.000000,0.000000,0.000000,0.000000,1.000000,-0.000000,0.000000,0.000000,0.000000,1.000000,0.000000,-0.000000,0.000000,0.000000,1.000000;;
   }

   Frame Character1_RightUpLeg {
    

    FrameTransformMatrix relative {
     1.000000,-0.000337,-0.000073,0.000000,0.000337,1.000000,-0.000005,0.000000,0.000073,0.000005,1.000000,0.000000,-0.491946,0.001023,-0.323235,1.000000;;
    }

    ObjectMatrixComment object {
     1.000000,0.000000,0.000000,0.000000,0.000000,1.000000,0.000000,0.000000,0.000000,0.000000,1.000000,0.000000,0.000000,-0.000000,0.000000,1.000000;;
    }

    Frame Character1_RightLeg {
     

     FrameTransformMatrix relative {
      1.000000,-0.000006,0.000009,0.000000,0.000006,1.000000,-0.000025,0.000000,-0.000009,0.000025,1.000000,0.000000,-0.000000,0.109172,-0.759319,1.000000;;
     }

     ObjectMatrixComment object {
      1.000000,0.000000,0.000000,0.000000,-0.000000,1.000000,0.000000,0.000000,0.000000,-0.000000,1.000000,0.000000,0.000000,-0.000000,0.000000,1.000000;;
     }

     Frame Character1_RightFoot {
      

      FrameTransformMatrix relative {
       1.000000,0.000324,0.000046,0.000000,-0.000324,1.000000,0.000030,0.000000,-0.000046,-0.000030,1.000000,0.000000,-0.000000,0.169582,-0.821661,1.000000;;
      }

      ObjectMatrixComment object {
       1.000000,0.000000,-0.000000,0.000000,0.000000,1.000000,0.000000,0.000000,0.000000,0.000000,1.000000,0.000000,0.000000,0.000000,0.000000,1.000000;;
      }

      Frame Character1_RightToeBase {
       

       FrameTransformMatrix relative {
        1.000000,0.000000,-0.000000,0.000000,0.000000,1.000000,0.000000,0.000000,0.000000,0.000000,1.000000,0.000000,0.000000,0.000000,0.000000,1.000000;;
       }

       ObjectMatrixComment object {
        1.000000,0.000000,-0.000000,0.000000,0.000000,1.000000,0.000000,0.000000,0.000000,0.000000,1.000000,0.000000,0.000000,0.000000,0.000000,1.000000;;
       }
      }

      Frame Character1_RightToeBase1 {
       

       FrameTransformMatrix relative {
        1.000000,-0.000000,-0.000000,0.000000,0.000000,1.000000,0.000000,0.000000,0.000000,0.000000,1.000000,0.000000,-0.000460,-0.220112,-0.205808,1.000000;;
       }

       ObjectMatrixComment object {
        1.000000,0.000000,0.000000,0.000000,0.000000,1.000000,0.000000,0.000000,0.000000,0.000000,1.000000,0.000000,-0.000000,-0.000000,0.000000,1.000000;;
       }
      }
     }
    }

    Frame J_R_knee {
     

     FrameTransformMatrix relative {
      1.000000,0.000000,0.000000,0.000000,0.000000,1.000000,0.000000,0.000000,0.000000,0.000000,1.000000,0.000000,0.000000,0.110608,-0.767808,1.000000;;
     }

     ObjectMatrixComment object {
      1.000000,0.000000,0.000000,0.000000,0.000000,1.000000,0.000000,0.000000,0.000000,0.000000,1.000000,0.000000,-0.000000,0.000000,-0.000000,1.000000;;
     }
    }
   }

   Frame Character1_LeftUpLeg {
    

    FrameTransformMatrix relative {
     1.000000,-0.000000,0.000000,0.000000,0.000000,1.000000,-0.000008,0.000000,0.000000,0.000008,1.000000,0.000000,0.491946,0.001023,-0.323236,1.000000;;
    }

    ObjectMatrixComment object {
     1.000000,-0.000000,0.000000,0.000000,0.000000,1.000000,-0.000000,0.000000,0.000000,0.000000,1.000000,0.000000,0.000000,0.000000,0.000000,1.000000;;
    }

    Frame Character1_LeftLeg {
     

     FrameTransformMatrix relative {
      1.000000,0.000012,0.000016,0.000000,-0.000012,1.000000,-0.000018,0.000000,-0.000016,0.000018,1.000000,0.000000,0.000000,0.109171,-0.759318,1.000000;;
     }

     ObjectMatrixComment object {
      1.000000,0.000000,-0.000000,0.000000,0.000000,1.000000,0.000000,0.000000,-0.000000,0.000000,1.000000,0.000000,0.000000,-0.000000,-0.000000,1.000000;;
     }

     Frame Character1_LeftFoot {
      

      FrameTransformMatrix relative {
       1.000000,-0.000013,-0.000002,0.000000,0.000013,1.000000,0.000026,0.000000,0.000002,-0.000026,1.000000,0.000000,0.000000,0.169582,-0.821661,1.000000;;
      }

      ObjectMatrixComment object {
       1.000000,0.000000,0.000000,0.000000,0.000000,1.000000,0.000000,0.000000,0.000000,0.000000,1.000000,0.000000,-0.000000,0.000000,0.000000,1.000000;;
      }

      Frame Character1_LeftToeBase {
       

       FrameTransformMatrix relative {
        1.000000,0.000000,0.000000,0.000000,0.000000,1.000000,0.000000,0.000000,0.000000,0.000000,1.000000,0.000000,-0.000000,0.000000,0.000000,1.000000;;
       }

       ObjectMatrixComment object {
        1.000000,0.000000,0.000000,0.000000,0.000000,1.000000,0.000000,0.000000,0.000000,0.000000,1.000000,0.000000,-0.000000,0.000000,0.000000,1.000000;;
       }
      }

      Frame Character1_LeftToeBase1 {
       

       FrameTransformMatrix relative {
        1.000000,0.000000,0.000000,0.000000,0.000000,1.000000,0.000000,0.000000,0.000000,0.000000,1.000000,0.000000,0.000460,-0.220113,-0.205808,1.000000;;
       }

       ObjectMatrixComment object {
        1.000000,0.000000,0.000000,0.000000,0.000000,1.000000,0.000000,0.000000,0.000000,0.000000,1.000000,0.000000,-0.000000,-0.000000,-0.000000,1.000000;;
       }
      }
     }

     Frame J_L_knee {
      

      FrameTransformMatrix relative {
       1.000000,0.000000,-0.000000,0.000000,0.000000,1.000000,0.000000,0.000000,-0.000000,0.000000,1.000000,0.000000,0.000000,0.001436,-0.008491,1.000000;;
      }

      ObjectMatrixComment object {
       1.000000,0.000000,-0.000000,0.000000,0.000000,1.000000,0.000000,0.000000,-0.000000,0.000000,1.000000,0.000000,0.000000,-0.000000,0.000000,1.000000;;
      }
     }
    }
   }

   Frame J_L_Skirt_00 {
    

    FrameTransformMatrix relative {
     1.000000,0.000000,0.000000,0.000000,0.000000,0.984808,-0.173648,0.000000,0.000000,0.173648,0.984808,0.000000,0.418361,-0.271888,0.078841,1.000000;;
    }

    ObjectMatrixComment object {
     1.000000,0.000000,0.000000,0.000000,0.000000,1.000000,-0.000000,0.000000,0.000000,0.000000,1.000000,0.000000,0.000000,0.000000,0.000000,1.000000;;
    }

    Frame J_L_Skirt_01 {
     

     FrameTransformMatrix relative {
      1.000000,0.000000,0.000000,0.000000,0.000000,1.000000,-0.000000,0.000000,0.000000,0.000000,1.000000,0.000000,0.000000,0.000000,-0.300846,1.000000;;
     }

     ObjectMatrixComment object {
      1.000000,0.000000,0.000000,0.000000,0.000000,1.000000,0.000000,0.000000,0.000000,0.000000,1.000000,0.000000,0.000000,-0.000000,0.000000,1.000000;;
     }

     Frame J_L_Skirt_02 {
      

      FrameTransformMatrix relative {
       1.000000,0.000000,0.000000,0.000000,0.000000,1.000000,0.000000,0.000000,0.000000,0.000000,1.000000,0.000000,0.000000,-0.000000,-0.348961,1.000000;;
      }

      ObjectMatrixComment object {
       1.000000,0.000000,0.000000,0.000000,0.000000,1.000000,0.000000,0.000000,0.000000,0.000000,1.000000,0.000000,0.000000,0.000000,0.000000,1.000000;;
      }
     }
    }
   }

   Frame J_R_Skirt_00 {
    

    FrameTransformMatrix relative {
     1.000000,0.000000,0.000000,0.000000,0.000000,0.984808,-0.173648,0.000000,0.000000,0.173648,0.984808,0.000000,-0.418361,-0.271888,0.078843,1.000000;;
    }

    ObjectMatrixComment object {
     1.000000,0.000000,0.000000,0.000000,0.000000,1.000000,-0.000000,0.000000,0.000000,0.000000,1.000000,0.000000,0.000000,-0.000000,0.000000,1.000000;;
    }

    Frame J_R_Skirt_01 {
     

     FrameTransformMatrix relative {
      1.000000,0.000000,0.000000,0.000000,0.000000,1.000000,-0.000000,0.000000,0.000000,0.000000,1.000000,0.000000,0.000000,0.000000,-0.300849,1.000000;;
     }

     ObjectMatrixComment object {
      1.000000,0.000000,0.000000,0.000000,0.000000,1.000000,0.000000,0.000000,0.000000,0.000000,1.000000,0.000000,-0.000000,-0.000000,0.000000,1.000000;;
     }

     Frame J_R_Skirt_02 {
      

      FrameTransformMatrix relative {
       1.000000,0.000000,0.000000,0.000000,0.000000,1.000000,0.000000,0.000000,0.000000,0.000000,1.000000,0.000000,-0.000000,0.000000,-0.348961,1.000000;;
      }

      ObjectMatrixComment object {
       1.000000,0.000000,0.000000,0.000000,0.000000,1.000000,0.000000,0.000000,0.000000,0.000000,1.000000,0.000000,-0.000000,-0.000000,0.000000,1.000000;;
      }
     }
    }
   }

   Frame J_R_SkirtBack_01 {
    

    FrameTransformMatrix relative {
     1.000000,0.000000,0.000000,0.000000,0.000000,1.000000,-0.000000,0.000000,0.000000,0.000000,1.000000,0.000000,-0.329471,0.247455,-0.099101,1.000000;;
    }

    ObjectMatrixComment object {
     1.000000,0.000000,0.000000,0.000000,0.000000,1.000000,-0.000000,0.000000,0.000000,0.000000,1.000000,0.000000,0.000000,0.000000,0.000000,1.000000;;
    }

    Frame J_R_SkirtBack_02 {
     

     FrameTransformMatrix relative {
      1.000000,0.000000,0.000000,0.000000,0.000000,1.000000,-0.000000,0.000000,0.000000,0.000000,1.000000,0.000000,0.000000,-0.000000,-0.348961,1.000000;;
     }

     ObjectMatrixComment object {
      1.000000,0.000000,0.000000,0.000000,0.000000,1.000000,-0.000000,0.000000,0.000000,0.000000,1.000000,0.000000,0.000000,0.000000,0.000000,1.000000;;
     }
    }
   }

   Frame J_L_SkirtBack_01 {
    

    FrameTransformMatrix relative {
     1.000000,0.000000,0.000000,0.000000,0.000000,1.000000,-0.000000,0.000000,0.000000,0.000000,1.000000,0.000000,0.329471,0.247455,-0.099097,1.000000;;
    }

    ObjectMatrixComment object {
     1.000000,0.000000,0.000000,0.000000,0.000000,1.000000,-0.000000,0.000000,0.000000,0.000000,1.000000,0.000000,0.000000,0.000000,0.000000,1.000000;;
    }

    Frame J_L_SkirtBack_02 {
     

     FrameTransformMatrix relative {
      1.000000,0.000000,0.000000,0.000000,0.000000,1.000000,-0.000000,0.000000,0.000000,0.000000,1.000000,0.000000,0.000000,0.000000,-0.348961,1.000000;;
     }

     ObjectMatrixComment object {
      1.000000,0.000000,0.000000,0.000000,0.000000,1.000000,-0.000000,0.000000,0.000000,0.000000,1.000000,0.000000,0.000000,0.000000,0.000000,1.000000;;
     }
    }
   }

   Frame Character1_Spine {
    

    FrameTransformMatrix relative {
     1.000000,0.000000,0.000000,0.000000,-0.000000,1.000000,-0.000000,0.000000,-0.000000,0.000000,1.000000,0.000000,-0.000000,-0.000880,0.007699,1.000000;;
    }

    ObjectMatrixComment object {
     1.000000,0.000000,0.000000,0.000000,0.000000,1.000000,-0.000000,0.000000,0.000000,0.000000,1.000000,0.000000,-0.000000,0.000000,0.000000,1.000000;;
    }

    Frame Character1_Spine1 {
     

     FrameTransformMatrix relative {
      1.000000,0.000000,0.000000,0.000000,0.000000,1.000000,-0.000000,0.000000,0.000000,0.000000,1.000000,0.000000,-0.000000,0.000000,0.214177,1.000000;;
     }

     ObjectMatrixComment object {
      1.000000,0.000000,0.000000,0.000000,0.000000,1.000000,-0.000000,0.000000,0.000000,0.000000,1.000000,0.000000,-0.000000,0.000000,0.000000,1.000000;;
     }

     Frame Character1_Spine2 {
      

      FrameTransformMatrix relative {
       1.000000,-0.000000,-0.000000,0.000000,0.000000,1.000000,-0.000000,0.000000,0.000000,0.000000,1.000000,0.000000,-0.000000,0.000766,0.206378,1.000000;;
      }

      ObjectMatrixComment object {
       1.000000,0.000000,0.000000,0.000000,0.000000,1.000000,-0.000000,0.000000,-0.000000,0.000000,1.000000,0.000000,-0.000000,0.000000,0.000000,1.000000;;
      }

      Frame Character1_RightShoulder {
       

       FrameTransformMatrix relative {
        0.956372,-0.023814,0.291179,0.000000,0.023854,0.999710,0.003415,0.000000,-0.291175,0.003680,0.956663,0.000000,-0.133657,0.234767,0.513274,1.000000;;
       }

       ObjectMatrixComment object {
        1.000000,0.000000,-0.000000,0.000000,0.000000,1.000000,0.000000,0.000000,-0.000000,0.000000,1.000000,0.000000,0.000000,0.000000,-0.000000,1.000000;;
       }

       Frame Character1_RightArm {
        

        FrameTransformMatrix relative {
         0.921041,-0.005963,0.389422,0.000000,-0.015474,0.998533,0.051889,0.000000,-0.389160,-0.053817,0.919597,0.000000,-0.234737,-0.001503,0.018342,1.000000;;
        }

        ObjectMatrixComment object {
         1.000000,-0.000000,-0.000000,0.000000,0.000000,1.000000,-0.000000,0.000000,-0.000000,0.000000,1.000000,0.000000,0.000000,-0.000000,-0.000000,1.000000;;
        }

        Frame Character1_RightForeArm {
         

         FrameTransformMatrix relative {
          0.997292,0.073497,-0.002520,0.000000,-0.073407,0.996960,0.026101,0.000000,0.004430,-0.025845,0.999656,0.000000,-0.593933,-0.000000,-0.000003,1.000000;;
         }

         ObjectMatrixComment object {
          1.000000,0.000000,0.000000,0.000000,0.000000,1.000000,-0.000000,0.000000,0.000000,0.000000,1.000000,0.000000,0.000000,0.000000,0.000000,1.000000;;
         }

         Frame Character1_RightHand {
          

          FrameTransformMatrix relative {
           0.999999,-0.000122,-0.001535,0.000000,0.000046,0.998757,-0.049856,0.000000,0.001539,0.049856,0.998756,0.000000,-0.563531,-0.000000,-0.000004,1.000000;;
          }

          ObjectMatrixComment object {
           1.000000,-0.000000,0.000000,0.000000,0.000000,1.000000,0.000000,0.000000,0.000000,0.000000,1.000000,0.000000,0.000000,0.000000,0.000000,1.000000;;
          }

          Frame Character1_RightHandThumb1 {
           

           FrameTransformMatrix relative {
            0.872227,0.485829,0.056471,0.000000,0.000925,-0.117097,0.993120,0.000000,0.489099,-0.866175,-0.102585,0.000000,-0.082184,-0.078419,-0.087364,1.000000;;
           }

           ObjectMatrixComment object {
            1.000000,-0.000000,0.000000,0.000000,-0.000000,1.000000,0.000000,0.000000,0.000000,0.000000,1.000000,0.000000,-0.000000,0.000000,0.000000,1.000000;;
           }

           Frame Character1_RightHandThumb2 {
            

            FrameTransformMatrix relative {
             0.964297,0.222220,0.144047,0.000000,-0.220084,0.974994,-0.030805,0.000000,-0.147291,-0.001998,0.989092,0.000000,-0.087508,0.000000,-0.000002,1.000000;;
            }

            ObjectMatrixComment object {
             1.000000,0.000000,0.000000,0.000000,0.000000,1.000000,-0.000000,0.000000,-0.000000,0.000000,1.000000,0.000000,0.000000,0.000000,-0.000000,1.000000;;
            }

            Frame Character1_RightHandThumb3 {
             

             FrameTransformMatrix relative {
              0.999274,0.000212,0.038114,0.000000,0.000845,0.999616,-0.027719,0.000000,-0.038106,0.027731,0.998889,0.000000,-0.051581,0.000003,-0.000001,1.000000;;
             }

             ObjectMatrixComment object {
              1.000000,-0.000000,0.000000,0.000000,0.000000,1.000000,0.000000,0.000000,0.000000,0.000000,1.000000,0.000000,0.000000,0.000000,0.000000,1.000000;;
             }

             Frame Character1_RightHandThumb4 {
              

              FrameTransformMatrix relative {
               1.000000,-0.000000,0.000000,0.000000,0.000000,1.000000,0.000001,0.000000,-0.000000,-0.000001,1.000000,0.000000,-0.062145,-0.000003,0.000001,1.000000;;
              }

              ObjectMatrixComment object {
               1.000000,0.000000,0.000000,0.000000,0.000000,1.000000,-0.000000,0.000000,0.000000,0.000000,1.000000,0.000000,0.000000,-0.000000,-0.000000,1.000000;;
              }
             }
            }
           }
          }

          Frame Character1_RightHandIndex1 {
           

           FrameTransformMatrix relative {
            0.980301,0.059235,0.188416,0.000000,-0.062462,0.997984,0.011234,0.000000,-0.187370,-0.022782,0.982025,0.000000,-0.234888,-0.110910,0.012992,1.000000;;
           }

           ObjectMatrixComment object {
            1.000000,0.000000,0.000000,0.000000,0.000000,1.000000,0.000000,0.000000,0.000000,0.000000,1.000000,0.000000,0.000000,0.000000,0.000000,1.000000;;
           }

           Frame Character1_RightHandIndex2 {
            

            FrameTransformMatrix relative {
             0.999846,0.017520,-0.000691,0.000000,-0.017511,0.999769,0.012441,0.000000,0.000909,-0.012426,0.999922,0.000000,-0.071136,0.000000,-0.000000,1.000000;;
            }

            ObjectMatrixComment object {
             1.000000,0.000000,-0.000000,0.000000,0.000000,1.000000,0.000000,0.000000,0.000000,0.000000,1.000000,0.000000,0.000000,-0.000000,0.000000,1.000000;;
            }

            Frame Character1_RightHandIndex3 {
             

             FrameTransformMatrix relative {
              1.000000,0.000000,-0.000000,0.000000,0.000000,1.000000,0.000000,0.000000,0.000000,0.000000,1.000000,0.000000,0.000000,-0.000000,0.000000,1.000000;;
             }

             ObjectMatrixComment object {
              1.000000,0.000000,-0.000000,0.000000,0.000000,1.000000,0.000000,0.000000,0.000000,0.000000,1.000000,0.000000,0.000000,-0.000000,0.000000,1.000000;;
             }
            }

            Frame Character1_RightHandIndex4 {
             

             FrameTransformMatrix relative {
              1.000001,0.000000,0.000000,0.000000,-0.000000,1.000000,-0.000000,0.000000,-0.000000,0.000000,1.000001,0.000000,-0.053681,-0.000000,-0.000001,1.000000;;
             }

             ObjectMatrixComment object {
              1.000000,-0.000000,-0.000000,0.000000,0.000000,1.000000,0.000000,0.000000,0.000000,-0.000000,1.000000,0.000000,0.000000,-0.000000,0.000000,1.000000;;
             }
            }
           }
          }

          Frame Character1_RightHandMiddle1 {
           

           FrameTransformMatrix relative {
            0.983647,0.042324,0.175064,0.000000,-0.044251,0.998995,0.007120,0.000000,-0.174587,-0.014751,0.984531,0.000000,-0.257047,-0.031732,0.030535,1.000000;;
           }

           ObjectMatrixComment object {
            1.000000,0.000000,-0.000000,0.000000,0.000000,1.000000,0.000000,0.000000,-0.000000,-0.000000,1.000000,0.000000,-0.000000,0.000000,-0.000000,1.000000;;
           }

           Frame Character1_RightHandMiddle2 {
            

            FrameTransformMatrix relative {
             0.999812,-0.019357,0.000670,0.000000,0.019362,0.999780,-0.008086,0.000000,-0.000513,0.008097,0.999968,0.000000,-0.083904,-0.000000,0.000000,1.000000;;
            }

            ObjectMatrixComment object {
             1.000000,0.000000,-0.000000,0.000000,-0.000000,1.000000,0.000000,0.000000,0.000000,0.000000,1.000000,0.000000,0.000000,0.000000,0.000000,1.000000;;
            }

            Frame Character1_RightHandMiddle3 {
             

             FrameTransformMatrix relative {
              1.000000,0.000000,-0.000000,0.000000,-0.000000,1.000000,0.000000,0.000000,0.000000,0.000000,1.000000,0.000000,0.000000,0.000000,0.000000,1.000000;;
             }

             ObjectMatrixComment object {
              1.000000,0.000000,-0.000000,0.000000,-0.000000,1.000000,0.000000,0.000000,0.000000,0.000000,1.000000,0.000000,0.000000,0.000000,0.000000,1.000000;;
             }
            }

            Frame Character1_RightHandMiddle4 {
             

             FrameTransformMatrix relative {
              1.000000,0.000000,-0.000002,0.000000,-0.000000,1.000000,-0.000000,0.000000,0.000002,0.000000,1.000000,0.000000,-0.064038,0.000000,-0.000004,1.000000;;
             }

             ObjectMatrixComment object {
              1.000000,0.000000,0.000000,0.000000,0.000000,1.000000,0.000000,0.000000,0.000000,0.000000,1.000000,0.000000,0.000000,0.000000,0.000000,1.000000;;
             }
            }
           }
          }

          Frame Character1_RightHandRing1 {
           

           FrameTransformMatrix relative {
            0.997535,-0.009305,0.069548,0.000000,0.009673,0.999941,-0.004951,0.000000,-0.069498,0.005612,0.997566,0.000000,-0.246701,0.044446,0.020628,1.000000;;
           }

           ObjectMatrixComment object {
            1.000000,0.000000,0.000000,0.000000,0.000000,1.000000,-0.000000,0.000000,0.000000,0.000000,1.000000,0.000000,0.000000,-0.000000,-0.000000,1.000000;;
           }

           Frame Character1_RightHandRing2 {
            

            FrameTransformMatrix relative {
             0.999134,-0.023183,0.034547,0.000000,0.023532,0.999676,-0.009711,0.000000,-0.034310,0.010516,0.999356,0.000000,-0.065309,0.000000,0.000001,1.000000;;
            }

            ObjectMatrixComment object {
             1.000000,0.000000,-0.000000,0.000000,-0.000000,1.000000,0.000000,0.000000,0.000000,0.000000,1.000000,0.000000,0.000000,-0.000000,0.000000,1.000000;;
            }

            Frame Character1_RightHandRing3 {
             

             FrameTransformMatrix relative {
              1.000000,0.000000,-0.000000,0.000000,-0.000000,1.000000,0.000000,0.000000,0.000000,0.000000,1.000000,0.000000,0.000000,-0.000000,0.000000,1.000000;;
             }

             ObjectMatrixComment object {
              1.000000,0.000000,-0.000000,0.000000,-0.000000,1.000000,0.000000,0.000000,0.000000,0.000000,1.000000,0.000000,0.000000,-0.000000,0.000000,1.000000;;
             }
            }

            Frame Character1_RightHandRing4 {
             

             FrameTransformMatrix relative {
              1.000000,0.000000,-0.000000,0.000000,-0.000000,1.000000,0.000000,0.000000,0.000000,-0.000000,1.000000,0.000000,-0.050002,-0.000000,-0.000001,1.000000;;
             }

             ObjectMatrixComment object {
              1.000000,0.000000,0.000000,0.000000,0.000000,1.000000,0.000000,0.000000,-0.000000,-0.000000,1.000000,0.000000,0.000000,-0.000000,-0.000000,1.000000;;
             }
            }
           }
          }

          Frame Character1_RightHandPinky1 {
           

           FrameTransformMatrix relative {
            0.952813,0.070242,0.295319,0.000000,-0.075850,0.997091,0.007560,0.000000,-0.293929,-0.029603,0.955369,0.000000,-0.231770,0.113010,0.004751,1.000000;;
           }

           ObjectMatrixComment object {
            1.000000,-0.000000,-0.000000,0.000000,0.000000,1.000000,0.000000,0.000000,-0.000000,0.000000,1.000000,0.000000,-0.000000,-0.000000,0.000000,1.000000;;
           }

           Frame Character1_RightHandPinky2 {
            

            FrameTransformMatrix relative {
             0.999057,-0.009384,0.042389,0.000000,0.009732,0.999921,-0.008006,0.000000,-0.042311,0.008411,0.999069,0.000000,-0.047998,0.000000,0.000006,1.000000;;
            }

            ObjectMatrixComment object {
             1.000000,0.000000,0.000000,0.000000,0.000000,1.000000,-0.000000,0.000000,-0.000000,-0.000000,1.000000,0.000000,-0.000000,-0.000000,0.000000,1.000000;;
            }

            Frame Character1_RightHandPinky3 {
             

             FrameTransformMatrix relative {
              1.000000,0.000000,0.000000,0.000000,0.000000,1.000000,-0.000000,0.000000,-0.000000,-0.000000,1.000000,0.000000,-0.000000,-0.000000,0.000000,1.000000;;
             }

             ObjectMatrixComment object {
              1.000000,0.000000,0.000000,0.000000,0.000000,1.000000,-0.000000,0.000000,-0.000000,-0.000000,1.000000,0.000000,-0.000000,-0.000000,0.000000,1.000000;;
             }
            }

            Frame Character1_RightHandPinky4 {
             

             FrameTransformMatrix relative {
              1.000000,0.000000,0.000001,0.000000,-0.000000,1.000000,-0.000001,0.000000,-0.000001,0.000001,1.000000,0.000000,-0.037961,0.000001,-0.000002,1.000000;;
             }

             ObjectMatrixComment object {
              1.000000,0.000000,-0.000000,0.000000,-0.000000,1.000000,-0.000000,0.000000,0.000000,0.000000,1.000000,0.000000,0.000000,-0.000000,0.000000,1.000000;;
             }
            }
           }
          }
         }

         Frame J_R_Elbow {
          

          FrameTransformMatrix relative {
           0.999355,-0.035888,0.001664,0.000000,0.035907,0.999271,-0.012994,0.000000,-0.001197,0.013046,0.999915,0.000000,0.001104,0.023445,-0.000399,1.000000;;
          }

          ObjectMatrixComment object {
           1.000000,0.000000,0.000000,0.000000,0.000000,1.000000,-0.000000,0.000000,-0.000000,0.000000,1.000000,0.000000,-0.000000,0.000000,0.000000,1.000000;;
          }
         }

         Frame J_R_ForeArm_00_tw {
          

          FrameTransformMatrix relative {
           1.000000,-0.000053,-0.000782,0.000000,0.000033,0.999689,-0.024933,0.000000,0.000783,0.024933,0.999689,0.000000,-0.544546,0.000465,-0.001903,1.000000;;
          }

          ObjectMatrixComment object {
           1.000000,0.000000,-0.000000,0.000000,0.000000,1.000000,0.000000,0.000000,-0.000000,0.000000,1.000000,0.000000,-0.000000,-0.000000,0.000000,1.000000;;
          }
         }

         Frame J_R_Sode_A00 {
          

          FrameTransformMatrix relative {
           0.981648,0.189997,-0.016378,0.000000,-0.190222,0.981648,-0.013512,0.000000,0.013510,0.016380,0.999775,0.000000,-0.081270,-0.212945,-0.022818,1.000000;;
          }

          ObjectMatrixComment object {
           1.000000,0.000000,0.000000,0.000000,0.000000,1.000000,0.000000,0.000000,-0.000000,0.000000,1.000000,0.000000,0.000000,0.000000,0.000000,1.000000;;
          }

          Frame J_R_Sode_A01 {
           

           FrameTransformMatrix relative {
            1.000000,0.000001,0.000009,0.000000,-0.000000,1.000000,0.000048,0.000000,-0.000009,-0.000048,1.000000,0.000000,-0.515990,0.000001,-0.000013,1.000000;;
           }

           ObjectMatrixComment object {
            1.000000,0.000000,-0.000000,0.000000,0.000000,1.000000,0.000000,0.000000,0.000000,0.000000,1.000000,0.000000,0.000000,0.000000,0.000000,1.000000;;
           }
          }
         }

         Frame J_R_Sode_D00 {
          

          FrameTransformMatrix relative {
           0.977195,-0.042446,0.208060,0.000000,0.047001,0.998751,-0.016998,0.000000,-0.207078,0.026389,0.977969,0.000000,-0.077287,0.000452,-0.187161,1.000000;;
          }

          ObjectMatrixComment object {
           1.000000,-0.000000,-0.000000,0.000000,0.000000,1.000000,-0.000000,0.000000,0.000000,0.000000,1.000000,0.000000,0.000000,0.000000,-0.000000,1.000000;;
          }

          Frame J_R_Sode_D01 {
           

           FrameTransformMatrix relative {
            1.000000,-0.000010,-0.000002,0.000000,0.000010,1.000000,0.000047,0.000000,0.000002,-0.000047,1.000000,0.000000,-0.509173,0.000015,0.000006,1.000000;;
           }

           ObjectMatrixComment object {
            1.000000,-0.000000,0.000000,0.000000,0.000000,1.000000,0.000000,0.000000,0.000000,-0.000000,1.000000,0.000000,0.000000,-0.000000,0.000000,1.000000;;
           }
          }
         }

         Frame J_R_Sode_C00 {
          

          FrameTransformMatrix relative {
           0.979708,-0.200185,-0.009959,0.000000,0.199977,0.979622,-0.018752,0.000000,0.013510,0.016380,0.999775,0.000000,-0.062716,0.181310,-0.029528,1.000000;;
          }

          ObjectMatrixComment object {
           1.000000,-0.000000,-0.000000,0.000000,0.000000,1.000000,0.000000,0.000000,-0.000000,0.000000,1.000000,0.000000,-0.000000,0.000000,-0.000000,1.000000;;
          }

          Frame J_R_Sode_C01 {
           

           FrameTransformMatrix relative {
            1.000000,-0.000000,-0.000009,0.000000,0.000000,1.000000,0.000048,0.000000,0.000009,-0.000048,1.000000,0.000000,-0.539848,0.000002,0.000014,1.000000;;
           }

           ObjectMatrixComment object {
            1.000000,0.000000,-0.000000,0.000000,0.000000,1.000000,0.000000,0.000000,-0.000000,-0.000000,1.000000,0.000000,0.000000,0.000000,0.000000,1.000000;;
           }
          }
         }

         Frame J_R_Sode_B00 {
          

          FrameTransformMatrix relative {
           0.944033,-0.049975,-0.326045,0.000000,0.047001,0.998750,-0.016998,0.000000,0.326487,0.000722,0.945202,0.000000,-0.053508,0.004257,0.102160,1.000000;;
          }

          ObjectMatrixComment object {
           1.000000,0.000000,-0.000000,0.000000,0.000000,1.000000,0.000000,0.000000,-0.000000,0.000000,1.000000,0.000000,-0.000000,0.000000,0.000000,1.000000;;
          }

          Frame J_R_Sode_B01 {
           

           FrameTransformMatrix relative {
            1.000000,0.000015,-0.000002,0.000000,-0.000015,1.000000,0.000046,0.000000,0.000002,-0.000046,1.000000,0.000000,-0.557435,-0.000013,0.000006,1.000000;;
           }

           ObjectMatrixComment object {
            1.000000,-0.000000,0.000000,0.000000,0.000000,1.000000,-0.000000,0.000000,-0.000000,-0.000000,1.000000,0.000000,-0.000000,-0.000000,-0.000000,1.000000;;
           }
          }
         }
        }

        Frame J_R_Arm_00_tw {
         

         FrameTransformMatrix relative {
          1.000000,0.000001,0.000173,0.000000,0.000006,0.999242,-0.038928,0.000000,-0.000173,0.038928,0.999242,0.000000,0.003092,0.000002,0.000145,1.000000;;
         }

         ObjectMatrixComment object {
          1.000000,0.000000,0.000000,0.000000,0.000000,1.000000,0.000000,0.000000,-0.000000,0.000000,1.000000,0.000000,-0.000000,0.000000,-0.000000,1.000000;;
         }

         Frame J_R_Sode_E00 {
          

          FrameTransformMatrix relative {
           1.000000,0.000000,0.000003,0.000000,-0.000000,0.999990,0.004461,0.000000,-0.000003,-0.004461,0.999990,0.000000,-0.118791,0.000000,0.000005,1.000000;;
          }

          ObjectMatrixComment object {
           1.000000,-0.000000,0.000000,0.000000,0.000000,1.000000,0.000000,0.000000,-0.000000,-0.000000,1.000000,0.000000,0.000000,-0.000000,0.000000,1.000000;;
          }
         }
        }
       }
      }

      Frame Character1_Neck {
       

       FrameTransformMatrix relative {
        1.000000,-0.000000,0.000000,0.000000,0.000000,1.000000,0.000000,0.000000,-0.000000,-0.000000,1.000000,0.000000,-0.000000,0.236336,0.665422,1.000000;;
       }

       ObjectMatrixComment object {
        1.000000,-0.000000,0.000000,0.000000,0.000000,1.000000,0.000000,0.000000,0.000000,0.000000,1.000000,0.000000,0.000000,-0.000000,0.000000,1.000000;;
       }

       Frame Character1_Head {
        

        FrameTransformMatrix relative {
         1.000000,-0.000000,0.000000,0.000000,0.000000,1.000000,0.000000,0.000000,0.000000,0.000000,1.000000,0.000000,-0.000000,-0.040211,0.152343,1.000000;;
        }

        ObjectMatrixComment object {
         1.000000,-0.000000,0.000000,0.000000,0.000000,1.000000,0.000000,0.000000,0.000000,0.000000,1.000000,0.000000,0.000000,0.000000,0.000000,1.000000;;
        }

        Frame J_L_HeadRibbon_00 {
         

         FrameTransformMatrix relative {
          0.834400,-0.049529,-0.548929,0.000000,-0.234382,0.869527,-0.434728,0.000000,0.498840,0.491396,0.713925,0.000000,0.397577,-0.343771,1.568204,1.000000;;
         }

         ObjectMatrixComment object {
          1.000000,0.000000,-0.000000,0.000000,0.000000,1.000000,0.000000,0.000000,-0.000000,-0.000000,1.000000,0.000000,-0.000000,0.000000,-0.000000,1.000000;;
         }

         Frame J_L_HeadRibbon_01 {
          

          FrameTransformMatrix relative {
           0.949004,-0.314341,0.024135,0.000000,-0.107092,-0.393421,-0.913100,0.000000,0.296520,0.863950,-0.407022,0.000000,-0.000001,-0.000001,1.239185,1.000000;;
          }

          ObjectMatrixComment object {
           1.000000,0.000000,-0.000000,0.000000,-0.000000,1.000000,-0.000000,0.000000,-0.000000,0.000000,1.000000,0.000000,0.000000,0.000000,0.000000,1.000000;;
          }

          Frame J_L_HeadRibbon_02 {
           

           FrameTransformMatrix relative {
            0.990314,0.137876,-0.016375,0.000000,0.009668,0.049177,0.998743,0.000000,0.138508,-0.989228,0.047368,0.000000,0.000000,0.000001,0.683397,1.000000;;
           }

           ObjectMatrixComment object {
            1.000000,0.000000,-0.000000,0.000000,0.000000,1.000000,-0.000000,0.000000,-0.000000,0.000000,1.000000,0.000000,-0.000000,-0.000000,-0.000000,1.000000;;
           }

           Frame J_L_HeadRibbon_03 {
            

            FrameTransformMatrix relative {
             1.000000,0.000000,-0.000000,0.000000,0.000000,1.000000,-0.000000,0.000000,0.000000,0.000000,1.000000,0.000000,0.000000,-0.000001,0.833784,1.000000;;
            }

            ObjectMatrixComment object {
             1.000000,-0.000000,-0.000000,0.000000,-0.000000,1.000000,0.000000,0.000000,-0.000000,0.000000,1.000000,0.000000,0.000000,-0.000000,-0.000000,1.000000;;
            }
           }
          }
         }
        }

        Frame J_R_HeadRibbon_00 {
         

         FrameTransformMatrix relative {
          0.834400,0.049529,0.548929,0.000000,0.234382,0.869526,-0.434729,0.000000,-0.498840,0.491397,0.713924,0.000000,-0.397577,-0.343771,1.568198,1.000000;;
         }

         ObjectMatrixComment object {
          1.000000,0.000000,-0.000000,0.000000,0.000000,1.000000,0.000000,0.000000,0.000000,0.000000,1.000000,0.000000,-0.000000,-0.000000,0.000000,1.000000;;
         }

         Frame J_R_HeadRibbon_01 {
          

          FrameTransformMatrix relative {
           0.949004,0.314341,-0.024136,0.000000,0.107090,-0.393417,-0.913102,0.000000,-0.296521,0.863952,-0.407017,0.000000,0.000006,-0.000005,1.239189,1.000000;;
          }

          ObjectMatrixComment object {
           1.000000,0.000000,0.000000,0.000000,0.000000,1.000000,-0.000000,0.000000,-0.000000,0.000000,1.000000,0.000000,-0.000000,0.000000,0.000000,1.000000;;
          }

          Frame J_R_HeadRibbon_02 {
           

           FrameTransformMatrix relative {
            0.990314,-0.137876,0.016374,0.000000,-0.009666,0.049180,0.998743,0.000000,-0.138508,-0.989228,0.047371,0.000000,-0.000004,0.000007,0.683404,1.000000;;
           }

           ObjectMatrixComment object {
            1.000000,-0.000000,0.000000,0.000000,-0.000000,1.000000,0.000000,0.000000,0.000000,0.000000,1.000000,0.000000,0.000000,-0.000000,0.000000,1.000000;;
           }

           Frame J_R_HeadRibbon_03 {
            

            FrameTransformMatrix relative {
             1.000000,0.000002,-0.000001,0.000000,-0.000002,1.000000,0.000002,0.000000,0.000001,-0.000002,1.000000,0.000000,0.000005,-0.000006,0.833790,1.000000;;
            }

            ObjectMatrixComment object {
             1.000000,0.000000,0.000000,0.000000,0.000000,1.000000,0.000000,0.000000,0.000000,-0.000000,1.000000,0.000000,0.000000,-0.000001,0.000000,1.000000;;
            }
           }
          }
         }
        }

        Frame bone_eye_L {
         

         FrameTransformMatrix relative {
          1.000000,-0.000000,0.000000,0.000000,0.000000,1.000000,0.000000,0.000000,0.000000,0.000000,1.000000,0.000000,0.134467,0.232491,0.510281,1.000000;;
         }

         ObjectMatrixComment object {
          1.000000,-0.000000,0.000000,0.000000,0.000000,1.000000,0.000000,0.000000,0.000000,0.000000,1.000000,0.000000,0.000000,-0.000000,0.000000,1.000000;;
         }
        }

        Frame bone_eye_R {
         

         FrameTransformMatrix relative {
          1.000000,-0.000000,0.000000,0.000000,0.000000,1.000000,0.000000,0.000000,0.000000,0.000000,1.000000,0.000000,-0.134467,0.232492,0.510280,1.000000;;
         }

         ObjectMatrixComment object {
          1.000000,-0.000000,0.000000,0.000000,0.000000,1.000000,0.000000,0.000000,0.000000,0.000000,1.000000,0.000000,0.000000,0.000000,0.000000,1.000000;;
         }
        }

        Frame J_L_HairTail_00 {
         

         FrameTransformMatrix relative {
          0.920104,-0.332263,0.207389,0.000000,0.168219,0.813402,0.556848,0.000000,-0.353710,-0.477471,0.804307,0.000000,0.422672,0.604556,0.373623,1.000000;;
         }

         ObjectMatrixComment object {
          1.000000,0.000000,0.000000,0.000000,-0.000000,1.000000,0.000000,0.000000,0.000000,0.000000,1.000000,0.000000,0.000000,0.000000,0.000000,1.000000;;
         }

         Frame J_L_HairTail_01 {
          

          FrameTransformMatrix relative {
           1.000000,0.000000,-0.000000,0.000000,0.000000,1.000000,0.000000,0.000000,0.000000,-0.000000,1.000000,0.000000,0.000000,-0.000000,-0.991046,1.000000;;
          }

          ObjectMatrixComment object {
           1.000000,0.000000,0.000000,0.000000,-0.000000,1.000000,0.000000,0.000000,0.000000,0.000000,1.000000,0.000000,0.000000,0.000000,0.000000,1.000000;;
          }

          Frame J_L_HairTail_02 {
           

           FrameTransformMatrix relative {
